%YAML:1.0
---
calibration_time: "ven. 10 janv. 2020 15:36:50 CET"
image_width: 1280
image_height: 960
flags: 0
camera_matrix: !!opencv-matrix
   rows: 3
   cols: 3
   dt: d
   data: [ 1.3249433786071506e+03, 0., 5.7497430869571656e+02, 0.,
       1.3581275165881611e+03, 1.9886786065716808e+02, 0., 0., 1. ]
distortion_coefficients: !!opencv-matrix
   rows: 1
   cols: 5
   dt: d
   data: [ 8.5021570645282818e-01, -5.1017392046864378e+00,
       -6.4247054644323051e-02, -1.3749302554067137e-02,
       9.5460522733153397e+00 ]
avg_reprojection_error: 3.4988357174764531e+01
